5.1 7266.42
5.10201 7277.86
5.10401 7289.23
5.10602 7300.56
5.10803 7311.85
5.11003 7323.09
5.11204 7334.28
5.11405 7345.42
5.11605 7356.52
5.11806 7367.58
5.12007 7378.6
5.12207 7389.57
5.12408 7400.51
5.12609 7411.41
5.12809 7422.27
5.1301 7433.09
5.13211 7443.88
5.13411 7454.64
5.13612 7465.37
5.13813 7476.03
5.14013 7486.69
5.14214 7497.32
5.14415 7507.92
5.14615 7518.49
5.14816 7529.04
5.15017 7539.56
5.15217 7550.06
5.15418 7560.54
5.15619 7571
5.15819 7581.43
5.1602 7591.85
5.16221 7602.24
5.16421 7612.62
5.16622 7622.99
5.16823 7633.34
5.17023 7643.67
5.17224 7654
5.17425 7664.27
5.17625 7674.57
5.17826 7684.85
5.18027 7695.12
5.18227 7705.39
5.18428 7715.65
5.18629 7725.9
5.18829 7736.14
5.1903 7746.38
5.19231 7756.62
5.19431 7766.86
5.19632 7777.09
5.19833 7787.32
5.20033 7797.56
5.20234 7807.79
5.20435 7818.03
5.20635 7828.27
5.20836 7838.48
5.21037 7848.72
5.21237 7858.97
5.21438 7869.22
5.21639 7879.48
5.21839 7889.75
5.2204 7900.03
5.22241 7910.31
5.22441 7920.61
5.22642 7930.92
5.22843 7941.24
5.23043 7951.57
5.23244 7961.91
5.23445 7972.27
5.23645 7982.65
5.23846 7993.04
5.24047 8003.45
5.24247 8013.84
5.24448 8024.28
5.24649 8034.73
5.24849 8045.21
5.2505 8055.7
5.25251 8066.22
5.25452 8076.75
5.25652 8087.31
5.25853 8097.89
5.26054 8108.5
5.26254 8119.13
5.26455 8129.78
5.26656 8140.46
5.26856 8151.16
5.27057 8161.9
5.27258 8172.66
5.27458 8183.45
5.27659 8194.23
5.2786 8205.07
5.2806 8215.94
5.28261 8226.84
5.28462 8237.77
5.28662 8248.74
5.28863 8259.73
5.29064 8270.75
5.29264 8281.81
5.29465 8292.91
5.29666 8304.03
5.29866 8315.19
5.30067 8326.39
5.30268 8337.62
5.30468 8348.89
5.30669 8360.2
5.3087 8371.54
5.3107 8382.9
5.31271 8394.31
5.31472 8405.76
5.31672 8417.26
5.31873 8428.79
5.32074 8440.36
5.32274 8451.97
5.32475 8463.62
5.32676 8475.31
5.32876 8487.04
5.33077 8498.82
5.33278 8510.63
5.33478 8522.49
5.33679 8534.4
5.3388 8546.35
5.3408 8558.34
5.34281 8570.37
5.34482 8582.46
5.34682 8594.55
5.34883 8606.71
5.35084 8618.92
5.35284 8631.18
5.35485 8643.48
5.35686 8655.83
5.35886 8668.22
5.36087 8680.67
5.36288 8693.15
5.36488 8705.69
5.36689 8718.27
5.3689 8730.91
5.3709 8743.59
5.37291 8756.32
5.37492 8769.1
5.37692 8781.92
5.37893 8794.8
5.38094 8807.7
5.38294 8820.67
5.38495 8833.69
5.38696 8846.76
5.38896 8859.88
5.39097 8873.04
5.39298 8886.26
5.39498 8899.53
5.39699 8912.86
5.399 8926.23
5.401 8939.65
5.40301 8953.12
5.40502 8966.65
5.40702 8980.23
5.40903 8993.85
5.41104 9007.54
5.41304 9021.27
5.41505 9035.02
5.41706 9048.85
5.41906 9062.73
5.42107 9076.67
5.42308 9090.65
5.42508 9104.69
5.42709 9118.78
5.4291 9132.92
5.4311 9147.11
5.43311 9161.35
5.43512 9175.65
5.43712 9190
5.43913 9204.4
5.44114 9218.85
5.44314 9233.35
5.44515 9247.91
5.44716 9262.52
5.44916 9277.15
5.45117 9291.86
5.45318 9306.62
5.45518 9321.42
5.45719 9336.28
5.4592 9351.2
5.4612 9366.16
5.46321 9381.17
5.46522 9396.24
5.46722 9411.35
5.46923 9426.52
5.47124 9441.73
5.47324 9457
5.47525 9472.32
5.47726 9487.69
5.47926 9503.1
5.48127 9518.57
5.48328 9534.06
5.48528 9549.62
5.48729 9565.23
5.4893 9580.89
5.4913 9596.6
5.49331 9612.36
5.49532 9628.16
5.49732 9644.01
5.49933 9659.91
5.50134 9675.86
5.50334 9691.85
5.50535 9707.9
5.50736 9723.98
5.50936 9740.12
5.51137 9756.3
5.51338 9772.53
5.51538 9788.8
5.51739 9805.09
5.5194 9821.45
5.5214 9837.85
5.52341 9854.3
5.52542 9870.79
5.52742 9887.32
5.52943 9903.89
5.53144 9920.51
5.53344 9937.17
5.53545 9953.87
5.53746 9970.62
5.53946 9987.4
5.54147 10004.2
5.54348 10021.1
5.54548 10038
5.54749 10054.9
5.5495 10071.9
5.55151 10089
5.55351 10106
5.55552 10123.1
5.55753 10140.2
5.55953 10157.4
5.56154 10174.6
5.56355 10191.8
5.56555 10209.1
5.56756 10226.4
5.56957 10243.7
5.57157 10261.1
5.57358 10278.5
5.57559 10296
5.57759 10313.4
5.5796 10330.9
5.58161 10348.5
5.58361 10366.1
5.58562 10383.7
5.58763 10401.2
5.58963 10418.9
5.59164 10436.6
5.59365 10454.3
5.59565 10472
5.59766 10489.8
5.59967 10507.5
5.60167 10525.3
5.60368 10543.2
5.60569 10561
5.60769 10578.9
5.6097 10596.8
5.61171 10614.7
5.61371 10632.7
5.61572 10650.6
5.61773 10668.6
5.61973 10686.6
5.62174 10704.6
5.62375 10722.6
5.62575 10740.7
5.62776 10758.7
5.62977 10776.8
5.63177 10794.9
5.63378 10813
5.63579 10831.1
5.63779 10849.2
5.6398 10867.4
5.64181 10885.5
5.64381 10903.7
5.64582 10921.8
5.64783 10940
5.64983 10958.2
5.65184 10976.4
5.65385 10994.6
5.65585 11012.7
5.65786 11030.9
5.65987 11049.1
5.66187 11067.3
5.66388 11085.5
5.66589 11103.7
5.66789 11121.9
5.6699 11140.1
5.67191 11158.3
5.67391 11176.5
5.67592 11194.7
5.67793 11212.9
5.67993 11231.1
5.68194 11249.2
5.68395 11267.4
5.68595 11285.5
5.68796 11303.7
5.68997 11321.8
5.69197 11339.9
5.69398 11358
5.69599 11376.1
5.69799 11394.2
5.7 11412.2
