30
5 6600.66 7903.3 -31355.9 205008
5.03448 6855.9 6940.76 -24570 188608
5.06897 7081.94 6202.26 -18347.8 172204
5.10345 7286.03 5668.75 -12692.9 155805
5.13793 7474.98 5320.46 -7603.5 139406
5.17241 7654.84 5137.91 -3079.52 123006
5.2069 7831.03 5101.61 880.085 106602
5.24138 8008.15 5192.07 4273.01 90203
5.27586 8190.3 5389.78 7100.48 73803.7
5.31034 8380.84 5675.22 9362.51 57404.4
5.34483 8582.51 6029.03 11059.5 41000.3
5.37931 8797.22 6431.48 12190.5 24601.1
5.41379 9026.36 6863.18 12756 8201.77
5.44828 9270.69 7304.76 12756 -8202.28
5.48276 9530.06 7736.46 12190.4 -24601.6
5.51724 9803.86 8138.92 11059.5 -41000.9
5.55172 10090.8 8492.62 9363.02 -57400.1
5.58621 10388.8 8778.16 7100.4 -73804.2
5.62069 10695.2 8975.86 4272.91 -90203.5
5.65517 11006.6 9066.32 879.971 -106603
5.68966 11319 9030.02 -3079.65 -123007
5.72414 11627.7 8847.46 -7603.64 -139406
5.75862 11927.2 8499.17 -12693.1 -155805
5.7931 12211.7 7965.65 -18348 -172205
5.82759 12474.3 7227.15 -24570.2 -188609
5.86207 12707.5 6264.6 -31356.2 -205008
5.89655 12903.5 5058.33 -38707.6 -221407
5.93103 13053.3 3588.83 -46624.4 -237807
5.96552 13147.7 1836.06 -55109.3 -254211
6 13176.5 -218.47 -64157.2 -270610
